#log-age-yr    Mbol      Bmag      Vmag      Kmag      M*_liv     M_remnants    M_ret_gas    M_galaxy      SFR/yr    M*_liv+M_rem   M*_tot/Lb   M*_tot/Lv   M*_tot/Lk   M*_liv/Lb   M*_liv/Lv   M*_liv/Lk
  5.000000   -2.7302    0.7482    1.0109    1.7687   1.0000E+00   0.0000E+00   0.0000E+00   1.0000E+00   0.0000E+00   1.0000E+00   1.3160E-02  3.0503E-02  2.4631E-01  1.3160E-02  3.0503E-02  2.4631E-01
  5.149989   -2.7302    0.7482    1.0109    1.7687   1.0000E+00   0.0000E+00   0.0000E+00   1.0000E+00   0.0000E+00   1.0000E+00   1.3160E-02  3.0503E-02  2.4631E-01  1.3160E-02  3.0503E-02  2.4631E-01
  5.200002   -2.7302    0.7482    1.0109    1.7687   1.0000E+00   0.0000E+00   0.0000E+00   1.0000E+00   0.0000E+00   1.0000E+00   1.3160E-02  3.0503E-02  2.4631E-01  1.3160E-02  3.0503E-02  2.4631E-01
  5.250005   -2.7302    0.7482    1.0109    1.7687   1.0000E+00   0.0000E+00   0.0000E+00   1.0000E+00   0.0000E+00   1.0000E+00   1.3160E-02  3.0503E-02  2.4631E-01  1.3160E-02  3.0503E-02  2.4631E-01
  5.300008   -2.7302    0.7482    1.0109    1.7687   1.0000E+00   0.0000E+00   0.0000E+00   1.0000E+00   0.0000E+00   1.0000E+00   1.3160E-02  3.0503E-02  2.4631E-01  1.3160E-02  3.0503E-02  2.4631E-01
  5.349996   -2.7302    0.7482    1.0109    1.7687   1.0000E+00   0.0000E+00   0.0000E+00   1.0000E+00   0.0000E+00   1.0000E+00   1.3160E-02  3.0503E-02  2.4631E-01  1.3160E-02  3.0503E-02  2.4631E-01
  5.400002   -2.7302    0.7482    1.0109    1.7687   1.0000E+00   0.0000E+00   0.0000E+00   1.0000E+00   0.0000E+00   1.0000E+00   1.3160E-02  3.0503E-02  2.4631E-01  1.3160E-02  3.0503E-02  2.4631E-01
  5.450003   -2.7302    0.7482    1.0109    1.7687   1.0000E+00   0.0000E+00   0.0000E+00   1.0000E+00   0.0000E+00   1.0000E+00   1.3160E-02  3.0503E-02  2.4631E-01  1.3160E-02  3.0503E-02  2.4631E-01
  5.500003   -2.7302    0.7482    1.0109    1.7687   1.0000E+00   0.0000E+00   0.0000E+00   1.0000E+00   0.0000E+00   1.0000E+00   1.3160E-02  3.0503E-02  2.4631E-01  1.3160E-02  3.0503E-02  2.4631E-01
  5.550008   -2.7302    0.7482    1.0109    1.7687   1.0000E+00   0.0000E+00   0.0000E+00   1.0000E+00   0.0000E+00   1.0000E+00   1.3160E-02  3.0503E-02  2.4631E-01  1.3160E-02  3.0503E-02  2.4631E-01
  5.600003   -2.7302    0.7482    1.0109    1.7687   1.0000E+00   0.0000E+00   0.0000E+00   1.0000E+00   0.0000E+00   1.0000E+00   1.3160E-02  3.0503E-02  2.4631E-01  1.3160E-02  3.0503E-02  2.4631E-01
  5.650006   -2.7302    0.7482    1.0109    1.7687   1.0000E+00   0.0000E+00   0.0000E+00   1.0000E+00   0.0000E+00   1.0000E+00   1.3160E-02  3.0503E-02  2.4631E-01  1.3160E-02  3.0503E-02  2.4631E-01
  5.700002   -2.7302    0.7482    1.0109    1.7687   1.0000E+00   0.0000E+00   0.0000E+00   1.0000E+00   0.0000E+00   1.0000E+00   1.3160E-02  3.0503E-02  2.4631E-01  1.3160E-02  3.0503E-02  2.4631E-01
  5.749999   -2.7302    0.7482    1.0109    1.7687   1.0000E+00   0.0000E+00   0.0000E+00   1.0000E+00   0.0000E+00   1.0000E+00   1.3160E-02  3.0503E-02  2.4631E-01  1.3160E-02  3.0503E-02  2.4631E-01
  5.800002   -2.7302    0.7482    1.0109    1.7687   1.0000E+00   0.0000E+00   0.0000E+00   1.0000E+00   0.0000E+00   1.0000E+00   1.3160E-02  3.0503E-02  2.4631E-01  1.3160E-02  3.0503E-02  2.4631E-01
  5.850003   -2.7302    0.7482    1.0109    1.7687   1.0000E+00   0.0000E+00   0.0000E+00   1.0000E+00   0.0000E+00   1.0000E+00   1.3160E-02  3.0503E-02  2.4631E-01  1.3160E-02  3.0503E-02  2.4631E-01
  5.900001   -2.7302    0.7482    1.0109    1.7687   1.0000E+00   0.0000E+00   0.0000E+00   1.0000E+00   0.0000E+00   1.0000E+00   1.3160E-02  3.0503E-02  2.4631E-01  1.3160E-02  3.0503E-02  2.4631E-01
  5.950005   -2.7302    0.7482    1.0109    1.7687   1.0000E+00   0.0000E+00   0.0000E+00   1.0000E+00   0.0000E+00   1.0000E+00   1.3160E-02  3.0503E-02  2.4631E-01  1.3160E-02  3.0503E-02  2.4631E-01
  6.000000   -2.7296    0.7403    1.0029    1.7617   9.9903E-01   0.0000E+00   9.6953E-04   1.0000E+00   0.0000E+00   9.9903E-01   1.3053E-02  3.0252E-02  2.4450E-01  1.3053E-02  3.0252E-02  2.4450E-01
  6.019988   -2.7295    0.7324    0.9950    1.7547   9.9898E-01   0.0000E+00   1.0224E-03   1.0000E+00   0.0000E+00   9.9898E-01   1.2957E-02  3.0030E-02  2.4290E-01  1.2957E-02  3.0030E-02  2.4290E-01
  6.040009   -2.7298    0.7238    0.9863    1.7470   9.9892E-01   0.0000E+00   1.0752E-03   1.0000E+00   0.0000E+00   9.9892E-01   1.2855E-02  2.9790E-02  2.4116E-01  1.2855E-02  2.9790E-02  2.4116E-01
  6.060018   -2.7305    0.7145    0.9769    1.7385   9.9873E-01   0.0000E+00   1.2651E-03   1.0000E+00   0.0000E+00   9.9873E-01   1.2742E-02  2.9527E-02  2.3924E-01  1.2742E-02  2.9527E-02  2.3924E-01
  6.080013   -2.7314    0.7029    0.9649    1.7274   9.9854E-01   0.0000E+00   1.4609E-03   1.0000E+00   0.0000E+00   9.9854E-01   1.2605E-02  2.9196E-02  2.3677E-01  1.2605E-02  2.9196E-02  2.3677E-01
  6.099991   -2.7326    0.6898    0.9512    1.7147   9.9834E-01   0.0000E+00   1.6568E-03   1.0000E+00   0.0000E+00   9.9834E-01   1.2451E-02  2.8824E-02  2.3396E-01  1.2451E-02  2.8824E-02  2.3396E-01
  6.120014   -2.7341    0.6757    0.9366    1.7010   9.9824E-01   0.0000E+00   1.7636E-03   1.0000E+00   0.0000E+00   9.9824E-01   1.2289E-02  2.8435E-02  2.3101E-01  1.2289E-02  2.8435E-02  2.3101E-01
  6.140005   -2.7359    0.6608    0.9210    1.6864   9.9801E-01   0.0000E+00   1.9941E-03   1.0000E+00   0.0000E+00   9.9801E-01   1.2118E-02  2.8023E-02  2.2786E-01  1.2118E-02  2.8023E-02  2.2786E-01
  6.159988   -2.7380    0.6448    0.9043    1.6706   9.9778E-01   0.0000E+00   2.2245E-03   1.0000E+00   0.0000E+00   9.9778E-01   1.1938E-02  2.7590E-02  2.2452E-01  1.1938E-02  2.7590E-02  2.2452E-01
  6.180011   -2.7405    0.6276    0.8865    1.6535   9.9755E-01   0.0000E+00   2.4549E-03   1.0000E+00   0.0000E+00   9.9755E-01   1.1748E-02  2.7134E-02  2.2097E-01  1.1748E-02  2.7134E-02  2.2097E-01
  6.200002   -2.7434    0.6093    0.8674    1.6351   9.9731E-01   0.0000E+00   2.6854E-03   1.0000E+00   0.0000E+00   9.9731E-01   1.1549E-02  2.6656E-02  2.1721E-01  1.1549E-02  2.6656E-02  2.1721E-01
  6.220004   -2.7467    0.5895    0.8469    1.6152   9.9731E-01   0.0000E+00   2.6854E-03   1.0000E+00   0.0000E+00   9.9731E-01   1.1341E-02  2.6157E-02  2.1325E-01  1.1341E-02  2.6157E-02  2.1325E-01
  6.240000   -2.7504    0.5693    0.8261    1.5949   9.9672E-01   0.0000E+00   3.2793E-03   1.0000E+00   0.0000E+00   9.9672E-01   1.1125E-02  2.5646E-02  2.0918E-01  1.1125E-02  2.5646E-02  2.0918E-01
  6.260000   -2.7547    0.5498    0.8064    1.5752   9.9672E-01   0.0000E+00   3.2793E-03   1.0000E+00   0.0000E+00   9.9672E-01   1.0927E-02  2.5185E-02  2.0543E-01  1.0927E-02  2.5185E-02  2.0543E-01
  6.280009   -2.7593    0.5286    0.7849    1.5535   9.9672E-01   0.0000E+00   3.2793E-03   1.0000E+00   0.0000E+00   9.9672E-01   1.0716E-02  2.4690E-02  2.0136E-01  1.0716E-02  2.4690E-02  2.0136E-01
  6.300008   -2.7645    0.5057    0.7616    1.5296   9.9672E-01   0.0000E+00   3.2793E-03   1.0000E+00   0.0000E+00   9.9672E-01   1.0492E-02  2.4166E-02  1.9698E-01  1.0492E-02  2.4166E-02  1.9698E-01
  6.320001   -2.7704    0.4802    0.7355    1.5026   9.9574E-01   0.0000E+00   4.2614E-03   1.0000E+00   0.0000E+00   9.9574E-01   1.0238E-02  2.3570E-02  1.9195E-01  1.0238E-02  2.3570E-02  1.9195E-01
  6.340008   -2.7768    0.4515    0.7062    1.4720   9.9574E-01   0.0000E+00   4.2614E-03   1.0000E+00   0.0000E+00   9.9574E-01   9.9708E-03  2.2942E-02  1.8661E-01  9.9708E-03  2.2942E-02  1.8661E-01
  6.360006   -2.7838    0.4196    0.6737    1.4377   9.9495E-01   0.0000E+00   5.0467E-03   1.0000E+00   0.0000E+00   9.9495E-01   9.6747E-03  2.2247E-02  1.8067E-01  9.6747E-03  2.2247E-02  1.8067E-01
  6.379994   -2.8060    0.3253    0.5784    1.3435   9.9146E-01   0.0000E+00   8.5379E-03   1.0000E+00   0.0000E+00   9.9146E-01   8.8389E-03  2.0306E-02  1.6508E-01  8.8389E-03  2.0306E-02  1.6508E-01
  6.400002   -2.8579    0.1871    0.4388    1.2076   9.8813E-01   0.0000E+00   1.1870E-02   1.0000E+00   0.0000E+00   9.8813E-01   7.7560E-03  1.7796E-02  1.4516E-01  7.7560E-03  1.7796E-02  1.4516E-01
  6.420005   -2.8704    0.1408    0.3914    1.1583   9.8480E-01   0.0000E+00   1.5202E-02   1.0000E+00   0.0000E+00   9.8480E-01   7.4077E-03  1.6979E-02  1.3825E-01  7.4077E-03  1.6979E-02  1.3825E-01
  6.439995   -2.9016    0.0697    0.3188    1.0837   9.8147E-01   0.0000E+00   1.8531E-02   1.0000E+00   0.0000E+00   9.8147E-01   6.9145E-03  1.5827E-02  1.2864E-01  6.9145E-03  1.5827E-02  1.2864E-01
  6.459995   -2.9342   -0.0162    0.2254    0.9882   9.7814E-01   0.0000E+00   2.1862E-02   1.0000E+00   0.0000E+00   9.7814E-01   6.3667E-03  1.4472E-02  1.1740E-01  6.3667E-03  1.4472E-02  1.1740E-01
  6.480007   -2.9570   -0.1186    0.1119    0.8462   9.7480E-01   0.0000E+00   2.5195E-02   1.0000E+00   0.0000E+00   9.7480E-01   5.7740E-03  1.2991E-02  1.0266E-01  5.7740E-03  1.2991E-02  1.0266E-01
  6.500003   -2.9073   -0.1608    0.0684    0.7820   9.7147E-01   0.0000E+00   2.8525E-02   1.0000E+00   0.0000E+00   9.7147E-01   5.5348E-03  1.2439E-02  9.6432E-02  5.5348E-03  1.2439E-02  9.6432E-02
  6.519999   -2.8301   -0.1819    0.0392    0.7085   9.6814E-01   0.0000E+00   3.1856E-02   1.0000E+00   0.0000E+00   9.6814E-01   5.4100E-03  1.2068E-02  8.9813E-02  5.4100E-03  1.2068E-02  8.9813E-02
  6.540004   -2.7452   -0.2056    0.0026    0.6014   9.6458E-01   2.3104E-04   3.5187E-02   1.0000E+00   0.0000E+00   9.6481E-01   5.2747E-03  1.1628E-02  8.1098E-02  5.2735E-03  1.1625E-02  8.1079E-02
  6.560002   -2.6344   -0.2038   -0.0129    0.5031   9.6063E-01   8.5116E-04   3.8518E-02   1.0000E+00   0.0000E+00   9.6148E-01   5.2652E-03  1.1423E-02  7.3819E-02  5.2606E-03  1.1413E-02  7.3753E-02
  6.580001   -2.5417   -0.2440   -0.0679    0.3796   9.5658E-01   1.5752E-03   4.1849E-02   1.0000E+00   0.0000E+00   9.5815E-01   5.0562E-03  1.0821E-02  6.5655E-02  5.0479E-03  1.0803E-02  6.5547E-02
  6.600003   -2.4570   -0.2560   -0.0906    0.3130   9.5250E-01   2.4207E-03   4.5076E-02   1.0000E+00   0.0000E+00   9.5492E-01   4.9840E-03  1.0561E-02  6.1544E-02  4.9714E-03  1.0534E-02  6.1388E-02
  6.620001   -2.3739   -0.2310   -0.0711    0.3123   9.4833E-01   3.3694E-03   4.8303E-02   1.0000E+00   0.0000E+00   9.5170E-01   5.0828E-03  1.0717E-02  6.1294E-02  5.0648E-03  1.0679E-02  6.1077E-02
  6.640004   -2.2873   -0.1659   -0.0050    0.3870   9.4429E-01   4.1794E-03   5.1530E-02   1.0000E+00   0.0000E+00   9.4847E-01   5.3787E-03  1.1351E-02  6.5440E-02  5.3549E-03  1.1301E-02  6.5151E-02
  6.660002   -2.2007   -0.0885    0.0721    0.4494   9.4016E-01   5.0852E-03   5.4756E-02   1.0000E+00   0.0000E+00   9.4524E-01   5.7564E-03  1.2145E-02  6.9070E-02  5.7255E-03  1.2080E-02  6.8698E-02
  6.680000   -2.1311   -0.0871    0.0587    0.3111   9.3592E-01   6.0982E-03   5.7983E-02   1.0000E+00   0.0000E+00   9.4202E-01   5.7440E-03  1.1954E-02  6.0604E-02  5.7069E-03  1.1877E-02  6.0211E-02
  6.700002   -2.0760   -0.0605    0.0670    0.0921   9.3156E-01   7.2313E-03   6.1210E-02   1.0000E+00   0.0000E+00   9.3879E-01   5.8665E-03  1.2005E-02  4.9364E-02  5.8213E-03  1.1912E-02  4.8984E-02
  6.720002   -2.0290   -0.0326    0.0720   -0.1903   9.2714E-01   8.4216E-03   6.4437E-02   1.0000E+00   0.0000E+00   9.3556E-01   5.9985E-03  1.2019E-02  3.7928E-02  5.9445E-03  1.1911E-02  3.7586E-02
  6.739999   -1.9832   -0.0037    0.0688   -0.5217   9.2271E-01   9.6269E-03   6.7663E-02   1.0000E+00   0.0000E+00   9.3234E-01   6.1389E-03  1.1943E-02  2.7854E-02  6.0755E-03  1.1820E-02  2.7566E-02
  6.760000   -1.9133    0.0138    0.0579   -0.7025   9.1816E-01   1.0955E-02   7.0890E-02   1.0000E+00   0.0000E+00   9.2911E-01   6.2173E-03  1.1782E-02  2.3500E-02  6.1440E-03  1.1643E-02  2.3223E-02
  6.780000   -1.8196    0.0732    0.1285   -0.6593   9.1407E-01   1.2417E-02   7.3517E-02   1.0000E+00   0.0000E+00   9.2648E-01   6.5479E-03  1.2539E-02  2.4384E-02  6.4601E-03  1.2371E-02  2.4057E-02
  6.800002   -1.7332    0.1808    0.2315   -0.7514   9.1017E-01   1.3688E-02   7.6144E-02   1.0000E+00   0.0000E+00   9.2386E-01   7.2095E-03  1.3747E-02  2.2337E-02  7.1027E-03  1.3543E-02  2.2006E-02
  6.819998   -1.6638    0.2463    0.2928   -0.8835   9.0647E-01   1.4764E-02   7.8771E-02   1.0000E+00   0.0000E+00   9.2123E-01   7.6364E-03  1.4504E-02  1.9723E-02  7.5140E-03  1.4272E-02  1.9407E-02
  6.839999   -1.5951    0.3223    0.3615   -1.0213   9.0270E-01   1.5907E-02   8.1398E-02   1.0000E+00   0.0000E+00   9.1860E-01   8.1665E-03  1.5408E-02  1.7322E-02  8.0251E-03  1.5141E-02  1.7022E-02
  6.860003   -1.5233    0.4127    0.4401   -1.1644   8.9885E-01   1.7122E-02   8.4026E-02   1.0000E+00   0.0000E+00   9.1597E-01   8.8508E-03  1.6517E-02  1.5140E-02  8.6854E-03  1.6208E-02  1.4857E-02
  6.880002   -1.4460    0.5226    0.5312   -1.1478   8.9494E-01   1.8412E-02   8.6653E-02   1.0000E+00   0.0000E+00   9.1335E-01   9.7654E-03  1.7912E-02  1.5329E-02  9.5686E-03  1.7550E-02  1.5020E-02
  6.900001   -1.3609    0.6579    0.6367   -1.2840   8.9094E-01   1.9784E-02   8.9280E-02   1.0000E+00   0.0000E+00   9.1072E-01   1.1029E-02  1.9683E-02  1.3483E-02  1.0790E-02  1.9255E-02  1.3190E-02
  6.919998   -1.2726    0.8245    0.7574   -1.4248   8.8685E-01   2.1241E-02   9.1906E-02   1.0000E+00   0.0000E+00   9.0809E-01   1.2821E-02  2.1932E-02  1.1808E-02  1.2521E-02  2.1419E-02  1.1532E-02
  6.939998   -1.1794    1.0158    0.8967   -1.4946   8.8268E-01   2.2790E-02   9.4533E-02   1.0000E+00   0.0000E+00   9.0547E-01   1.5247E-02  2.4863E-02  1.1041E-02  1.4864E-02  2.4237E-02  1.0763E-02
  6.960000   -1.0871    1.1112    1.0092   -1.3661   8.7840E-01   2.4437E-02   9.7160E-02   1.0000E+00   0.0000E+00   9.0284E-01   1.6600E-02  2.7497E-02  1.2392E-02  1.6150E-02  2.6753E-02  1.2057E-02
  6.979999   -1.0270    1.1103    1.0142   -1.2848   8.7537E-01   2.4848E-02   9.9787E-02   1.0000E+00   0.0000E+00   9.0021E-01   1.6537E-02  2.7544E-02  1.3317E-02  1.6081E-02  2.6784E-02  1.2950E-02
  7.000000   -0.9690    1.1129    1.0178   -1.2335   8.7200E-01   2.5088E-02   1.0292E-01   1.0000E+00   0.0000E+00   8.9708E-01   1.6519E-02  2.7540E-02  1.3913E-02  1.6057E-02  2.6770E-02  1.3524E-02
  7.019988   -0.9054    1.1235    1.0300   -1.1771   8.6862E-01   2.5340E-02   1.0604E-01   1.0000E+00   0.0000E+00   8.9396E-01   1.6623E-02  2.7753E-02  1.4605E-02  1.6152E-02  2.6966E-02  1.4191E-02
  7.040009   -0.8395    1.1413    1.0506   -1.1148   8.6522E-01   2.5604E-02   1.0918E-01   1.0000E+00   0.0000E+00   8.9082E-01   1.6840E-02  2.8186E-02  1.5412E-02  1.6356E-02  2.7376E-02  1.4969E-02
  7.060018   -0.7688    1.1691    1.0822   -1.0463   8.6181E-01   2.5880E-02   1.1231E-01   1.0000E+00   0.0000E+00   8.8769E-01   1.7215E-02  2.8917E-02  1.6359E-02  1.6713E-02  2.8074E-02  1.5882E-02
  7.080013   -0.6970    1.2067    1.1253   -1.1292   8.5840E-01   2.6169E-02   1.1543E-01   1.0000E+00   0.0000E+00   8.8457E-01   1.7758E-02  2.9983E-02  1.5103E-02  1.7233E-02  2.9096E-02  1.4656E-02
  7.099991   -0.6203    1.2558    1.1848   -1.0137   8.5497E-01   2.6471E-02   1.1856E-01   1.0000E+00   0.0000E+00   8.8144E-01   1.8514E-02  3.1560E-02  1.6739E-02  1.7958E-02  3.0612E-02  1.6236E-02
  7.119981   -0.5400    1.3449    1.2974   -0.8395   8.5152E-01   2.6788E-02   1.2169E-01   1.0000E+00   0.0000E+00   8.7831E-01   2.0027E-02  3.4883E-02  1.9582E-02  1.9416E-02  3.3819E-02  1.8984E-02
  7.140005   -0.4782    1.4001    1.3454   -0.7808   8.4810E-01   2.7079E-02   1.2482E-01   1.0000E+00   0.0000E+00   8.7518E-01   2.0997E-02  3.6331E-02  2.0596E-02  2.0347E-02  3.5207E-02  1.9959E-02
  7.159988   -0.4214    1.4553    1.3883   -0.7703   8.4469E-01   2.7365E-02   1.2795E-01   1.0000E+00   0.0000E+00   8.7205E-01   2.2012E-02  3.7659E-02  2.0722E-02  2.1321E-02  3.6478E-02  2.0072E-02
  7.180011   -0.3603    1.5146    1.4375   -0.7564   8.4126E-01   2.7663E-02   1.3108E-01   1.0000E+00   0.0000E+00   8.6892E-01   2.3165E-02  3.9264E-02  2.0912E-02  2.2427E-02  3.8014E-02  2.0247E-02
  7.200002   -0.2964    1.5774    1.4934   -0.7390   8.3782E-01   2.7973E-02   1.3421E-01   1.0000E+00   0.0000E+00   8.6579E-01   2.4455E-02  4.1187E-02  2.1174E-02  2.3665E-02  3.9856E-02  2.0490E-02
  7.220004   -0.2319    1.6430    1.5566   -0.7177   8.3437E-01   2.8294E-02   1.3734E-01   1.0000E+00   0.0000E+00   8.6266E-01   2.5884E-02  4.3498E-02  2.1517E-02  2.5035E-02  4.2071E-02  2.0811E-02
  7.240000   -0.1640    1.7132    1.6299   -0.6915   8.3091E-01   2.8628E-02   1.4046E-01   1.0000E+00   0.0000E+00   8.5954E-01   2.7512E-02  4.6370E-02  2.1961E-02  2.6596E-02  4.4825E-02  2.1230E-02
  7.260000   -0.0917    1.7819    1.7178   -0.4415   8.2743E-01   2.8975E-02   1.4359E-01   1.0000E+00   0.0000E+00   8.5641E-01   2.9203E-02  5.0097E-02  2.7547E-02  2.8215E-02  4.8402E-02  2.6615E-02
  7.280009   -0.0249    1.8296    1.7852   -0.3297   8.2395E-01   2.9329E-02   1.4672E-01   1.0000E+00   0.0000E+00   8.5328E-01   3.0404E-02  5.3111E-02  3.0424E-02  2.9359E-02  5.1285E-02  2.9378E-02
  7.300008    0.0273    1.8524    1.8036   -0.3093   8.2128E-01   2.9651E-02   1.4907E-01   1.0000E+00   0.0000E+00   8.5093E-01   3.0965E-02  5.3871E-02  3.0914E-02  2.9886E-02  5.1993E-02  2.9837E-02
  7.320001    0.0805    1.8803    1.8266   -0.2787   8.1861E-01   2.9985E-02   1.5141E-01   1.0000E+00   0.0000E+00   8.4859E-01   3.1682E-02  5.4872E-02  3.1711E-02  3.0562E-02  5.2933E-02  3.0591E-02
  7.340008    0.1373    1.9098    1.8515   -0.2440   8.1592E-01   3.0329E-02   1.5375E-01   1.0000E+00   0.0000E+00   8.4625E-01   3.2464E-02  5.5987E-02  3.2651E-02  3.1300E-02  5.3980E-02  3.1481E-02
  7.360006    0.1955    1.9404    1.8779   -0.2045   8.1322E-01   3.0685E-02   1.5610E-01   1.0000E+00   0.0000E+00   8.4390E-01   3.3299E-02  5.7209E-02  3.3766E-02  3.2088E-02  5.5129E-02  3.2538E-02
  7.379994    0.2565    1.9720    1.9060   -0.1602   8.1051E-01   3.1053E-02   1.5844E-01   1.0000E+00   0.0000E+00   8.4156E-01   3.4189E-02  5.8545E-02  3.5074E-02  3.2927E-02  5.6385E-02  3.3780E-02
  7.400002    0.3193    2.0039    1.9353   -0.1103   8.0778E-01   3.1434E-02   1.6078E-01   1.0000E+00   0.0000E+00   8.3922E-01   3.5111E-02  5.9976E-02  3.6622E-02  3.3796E-02  5.7729E-02  3.5250E-02
  7.420005    0.3838    2.0372    1.9666   -0.0542   8.0505E-01   3.1827E-02   1.6313E-01   1.0000E+00   0.0000E+00   8.3687E-01   3.6101E-02  6.1563E-02  3.8457E-02  3.4728E-02  5.9221E-02  3.6995E-02
  7.439995    0.4507    2.0724    2.0010    0.0090   8.0230E-01   3.2233E-02   1.6547E-01   1.0000E+00   0.0000E+00   8.3453E-01   3.7190E-02  6.3363E-02  4.0650E-02  3.5753E-02  6.0915E-02  3.9080E-02
  7.462398    0.5267    2.1137    2.0424   -0.0666   7.9920E-01   3.2705E-02   1.6809E-01   1.0000E+00   0.0000E+00   8.3191E-01   3.8509E-02  6.5621E-02  3.7795E-02  3.6995E-02  6.3041E-02  3.6309E-02
  7.477121    0.5786    2.1421    2.0730    0.0066   7.9716E-01   3.3024E-02   1.6982E-01   1.0000E+00   0.0000E+00   8.3018E-01   3.9447E-02  6.7353E-02  4.0349E-02  3.7878E-02  6.4674E-02  3.8744E-02
  7.491362    0.6303    2.1659    2.1075    0.1218   7.9517E-01   3.3341E-02   1.7149E-01   1.0000E+00   0.0000E+00   8.2851E-01   4.0242E-02  6.9394E-02  4.4773E-02  3.8623E-02  6.6601E-02  4.2971E-02
  7.505150    0.6758    2.1923    2.1404    0.1982   7.9325E-01   3.3650E-02   1.7310E-01   1.0000E+00   0.0000E+00   8.2690E-01   4.1150E-02  7.1383E-02  4.7944E-02  3.9475E-02  6.8478E-02  4.5993E-02
  7.518514    0.7078    2.2074    2.1500    0.2179   7.9174E-01   3.3924E-02   1.7434E-01   1.0000E+00   0.0000E+00   8.2566E-01   4.1664E-02  7.1909E-02  4.8750E-02  3.9952E-02  6.8955E-02  4.6747E-02
  7.531479    0.7384    2.2219    2.1596    0.2386   7.9027E-01   3.4194E-02   1.7554E-01   1.0000E+00   0.0000E+00   8.2446E-01   4.2162E-02  7.2444E-02  4.9616E-02  4.0413E-02  6.9439E-02  4.7559E-02
  7.544068    0.7696    2.2369    2.1700    0.2602   7.8883E-01   3.4461E-02   1.7671E-01   1.0000E+00   0.0000E+00   8.2329E-01   4.2689E-02  7.3040E-02  5.0542E-02  4.0902E-02  6.9983E-02  4.8426E-02
  7.556303    0.8011    2.2523    2.1812    0.2827   7.8743E-01   3.4726E-02   1.7784E-01   1.0000E+00   0.0000E+00   8.2216E-01   4.3238E-02  7.3692E-02  5.1525E-02  4.1412E-02  7.0579E-02  4.9349E-02
  7.568202    0.8330    2.2679    2.1929    0.3059   7.8607E-01   3.4988E-02   1.7894E-01   1.0000E+00   0.0000E+00   8.2106E-01   4.3806E-02  7.4391E-02  5.2570E-02  4.1940E-02  7.1221E-02  5.0330E-02
  7.579783    0.8643    2.2833    2.2049    0.3300   7.8474E-01   3.5247E-02   1.8001E-01   1.0000E+00   0.0000E+00   8.1999E-01   4.4376E-02  7.5120E-02  5.3678E-02  4.2468E-02  7.1891E-02  5.1371E-02
  7.591064    0.8964    2.2995    2.2179    0.3551   7.8344E-01   3.5504E-02   1.8106E-01   1.0000E+00   0.0000E+00   8.1894E-01   4.4984E-02  7.5927E-02  5.4865E-02  4.3034E-02  7.2636E-02  5.2486E-02
  7.602060    0.9289    2.3161    2.2316    0.3810   7.8217E-01   3.5758E-02   1.8208E-01   1.0000E+00   0.0000E+00   8.1792E-01   4.5620E-02  7.6796E-02  5.6119E-02  4.3626E-02  7.3439E-02  5.3666E-02
  7.628389    1.0092    2.3580    2.2680    0.4498   7.7910E-01   3.6384E-02   1.8452E-01   1.0000E+00   0.0000E+00   8.1548E-01   4.7272E-02  7.9177E-02  5.9614E-02  4.5163E-02  7.5644E-02  5.6954E-02
  7.653213    1.0878    2.4015    2.3084    0.5258   7.7619E-01   3.6996E-02   1.8681E-01   1.0000E+00   0.0000E+00   8.1319E-01   4.9066E-02  8.1949E-02  6.3753E-02  4.6833E-02  7.8221E-02  6.0852E-02
  7.676693    1.1644    2.4459    2.3525    0.6096   7.7342E-01   3.7596E-02   1.8899E-01   1.0000E+00   0.0000E+00   8.1101E-01   5.0979E-02  8.5119E-02  6.8685E-02  4.8616E-02  8.1173E-02  6.5501E-02
  7.698970    1.2399    2.4907    2.4009    0.7114   7.7076E-01   3.8184E-02   1.9105E-01   1.0000E+00   0.0000E+00   8.0895E-01   5.2991E-02  8.8777E-02  7.5242E-02  5.0490E-02  8.4586E-02  7.1691E-02
  7.720160    1.3068    2.5320    2.4507    0.8053   7.6822E-01   3.8762E-02   1.9301E-01   1.0000E+00   0.0000E+00   8.0699E-01   5.4914E-02  9.2714E-02  8.1840E-02  5.2276E-02  8.8261E-02  7.7909E-02
  7.740363    1.3597    2.5606    2.4764    0.8557   7.6581E-01   3.9306E-02   1.9488E-01   1.0000E+00   0.0000E+00   8.0512E-01   5.6249E-02  9.4712E-02  8.5536E-02  5.3503E-02  9.0088E-02  8.1360E-02
  7.756545    1.4005    2.5844    2.4959    0.8782   7.6388E-01   3.9739E-02   1.9638E-01   1.0000E+00   0.0000E+00   8.0362E-01   5.7388E-02  9.6250E-02  8.7162E-02  5.4550E-02  9.1490E-02  8.2852E-02
  7.806546    1.5370    2.6687    2.5722    0.9704   7.5785E-01   4.1140E-02   2.0101E-01   1.0000E+00   0.0000E+00   7.9899E-01   6.1661E-02  1.0267E-01  9.4343E-02  5.8486E-02  9.7380E-02  8.9485E-02
  7.856548    1.6848    2.7659    2.6748    1.1115   7.5172E-01   4.2640E-02   2.0564E-01   1.0000E+00   0.0000E+00   7.9436E-01   6.7043E-02  1.1219E-01  1.0681E-01  6.3445E-02  1.0617E-01  1.0108E-01
  7.906545    1.8109    2.8380    2.7386    1.2002   7.4522E-01   4.4503E-02   2.1027E-01   1.0000E+00   0.0000E+00   7.8973E-01   7.1232E-02  1.1828E-01  1.1523E-01  6.7218E-02  1.1161E-01  1.0874E-01
  7.956543    1.9399    2.9150    2.8043    1.2701   7.3757E-01   4.5991E-02   2.1644E-01   1.0000E+00   0.0000E+00   7.8356E-01   7.5872E-02  1.2468E-01  1.2193E-01  7.1419E-02  1.1736E-01  1.1478E-01
  8.006552    2.0804    3.0037    2.8909    1.3793   7.2982E-01   4.7568E-02   2.2261E-01   1.0000E+00   0.0000E+00   7.7739E-01   8.1680E-02  1.3397E-01  1.3377E-01  7.6682E-02  1.2578E-01  1.2559E-01
  8.056561    2.2216    3.0928    2.9880    1.5139   7.2198E-01   4.9240E-02   2.2878E-01   1.0000E+00   0.0000E+00   7.7122E-01   8.7963E-02  1.4534E-01  1.5023E-01  8.2347E-02  1.3606E-01  1.4063E-01
  8.106531    2.2765    3.1664    3.0447    1.3075   7.1042E-01   5.4643E-02   2.3494E-01   1.0000E+00   0.0000E+00   7.6506E-01   9.3380E-02  1.5191E-01  1.2322E-01  8.6710E-02  1.4106E-01  1.1442E-01
  8.156549    2.3966    3.2457    3.1081    1.3629   7.0324E-01   5.5655E-02   2.4111E-01   1.0000E+00   0.0000E+00   7.5889E-01   9.9644E-02  1.5974E-01  1.2863E-01  9.2337E-02  1.4802E-01  1.1920E-01
  8.206556    2.5289    3.3353    3.1873    1.4489   7.0034E-01   5.2387E-02   2.4728E-01   1.0000E+00   0.0000E+00   7.5272E-01   1.0734E-01  1.7044E-01  1.3810E-01  9.9866E-02  1.5858E-01  1.2849E-01
  8.256550    2.6689    3.4299    3.2838    1.5789   6.9315E-01   5.3408E-02   2.5344E-01   1.0000E+00   0.0000E+00   7.4656E-01   1.1615E-01  1.8475E-01  1.5439E-01  1.0784E-01  1.7154E-01  1.4335E-01
  8.306554    2.7884    3.5182    3.3654    1.6535   6.8590E-01   5.4490E-02   2.5961E-01   1.0000E+00   0.0000E+00   7.4039E-01   1.2495E-01  1.9753E-01  1.6400E-01  1.1575E-01  1.8299E-01  1.5193E-01
  8.356543    2.8909    3.6002    3.4216    1.6796   6.7868E-01   5.5540E-02   2.6578E-01   1.0000E+00   0.0000E+00   7.3422E-01   1.3363E-01  2.0629E-01  1.6660E-01  1.2352E-01  1.9069E-01  1.5400E-01
  8.406540    2.9908    3.6922    3.4866    1.6792   6.7343E-01   5.6629E-02   2.6994E-01   1.0000E+00   0.0000E+00   7.3006E-01   1.4462E-01  2.1778E-01  1.6560E-01  1.3341E-01  2.0089E-01  1.5275E-01
  8.456549    3.1024    3.7936    3.5636    1.7059   6.6812E-01   5.7777E-02   2.7411E-01   1.0000E+00   0.0000E+00   7.2589E-01   1.5788E-01  2.3243E-01  1.6875E-01  1.4531E-01  2.1393E-01  1.5531E-01
  8.506546    3.2268    3.9067    3.6554    1.7651   6.6274E-01   5.8987E-02   2.7827E-01   1.0000E+00   0.0000E+00   7.2173E-01   1.7421E-01  2.5149E-01  1.7718E-01  1.5997E-01  2.3094E-01  1.6270E-01
  8.556543    3.3660    4.0295    3.7651    1.8696   6.5730E-01   6.0262E-02   2.8243E-01   1.0000E+00   0.0000E+00   7.1757E-01   1.9394E-01  2.7664E-01  1.9395E-01  1.7765E-01  2.5341E-01  1.7766E-01
  8.606543    3.4921    4.1456    3.8665    1.9617   6.5180E-01   6.1606E-02   2.8660E-01   1.0000E+00   0.0000E+00   7.1340E-01   2.1456E-01  3.0195E-01  2.0991E-01  1.9604E-01  2.7588E-01  1.9178E-01
  8.656549    3.6023    4.2686    3.9597    2.0125   6.4621E-01   6.3023E-02   2.9076E-01   1.0000E+00   0.0000E+00   7.0924E-01   2.3891E-01  3.2708E-01  2.1866E-01  2.1768E-01  2.9802E-01  1.9923E-01
  8.706547    3.6888    4.3974    4.0503    2.0107   6.4056E-01   6.4510E-02   2.9493E-01   1.0000E+00   0.0000E+00   7.0507E-01   2.6741E-01  3.5347E-01  2.1703E-01  2.4295E-01  3.2113E-01  1.9717E-01
  8.756545    3.7711    4.5291    4.1475    2.0156   6.3414E-01   6.6074E-02   2.9979E-01   1.0000E+00   0.0000E+00   7.0021E-01   2.9982E-01  3.8391E-01  2.1651E-01  2.7153E-01  3.4768E-01  1.9608E-01
  8.806546    3.8700    4.6675    4.2588    2.0605   6.2768E-01   6.7671E-02   3.0465E-01   1.0000E+00   0.0000E+00   6.9535E-01   3.3824E-01  4.2240E-01  2.2407E-01  3.0532E-01  3.8129E-01  2.0226E-01
  8.856547    3.9675    4.8117    4.3660    2.1176   6.2119E-01   6.9295E-02   3.0951E-01   1.0000E+00   0.0000E+00   6.9049E-01   3.8356E-01  4.6295E-01  2.3453E-01  3.4507E-01  4.1649E-01  2.1099E-01
  8.906550    4.0619    4.9619    4.4749    2.1730   6.1460E-01   7.1018E-02   3.1438E-01   1.0000E+00   0.0000E+00   6.8562E-01   4.3736E-01  5.0823E-01  2.4507E-01  3.9206E-01  4.5559E-01  2.1968E-01
  8.956548    4.1572    5.1068    4.5796    2.2393   6.0788E-01   7.2882E-02   3.1924E-01   1.0000E+00   0.0000E+00   6.8076E-01   4.9626E-01  5.5571E-01  2.5866E-01  4.4313E-01  4.9622E-01  2.3097E-01
  9.006552    4.2229    5.2348    4.6534    2.2902   6.0112E-01   7.4775E-02   3.2410E-01   1.0000E+00   0.0000E+00   6.7590E-01   5.5437E-01  5.9051E-01  2.6914E-01  4.9304E-01  5.2518E-01  2.3936E-01
  9.056561    4.0965    5.3242    4.6592    2.0078   5.9408E-01   7.6958E-02   3.2897E-01   1.0000E+00   0.0000E+00   6.7103E-01   5.9759E-01  5.8940E-01  2.0599E-01  5.2906E-01  5.2180E-01  1.8237E-01
  9.106565    4.3182    5.5728    4.9165    2.1868   5.8337E-01   8.0901E-02   3.3573E-01   1.0000E+00   0.0000E+00   6.6427E-01   7.4379E-01  7.3951E-01  2.4048E-01  6.5320E-01  6.4945E-01  2.1119E-01
  9.156549    4.5654    5.7443    5.0726    2.5333   5.7402E-01   8.3490E-02   3.4249E-01   1.0000E+00   0.0000E+00   6.5751E-01   8.6224E-01  8.4519E-01  3.2751E-01  7.5275E-01  7.3787E-01  2.8593E-01
  9.206556    4.6532    5.8925    5.1923    2.5921   5.6472E-01   8.6020E-02   3.4926E-01   1.0000E+00   0.0000E+00   6.5074E-01   9.7817E-01  9.3397E-01  3.4217E-01  8.4887E-01  8.1051E-01  2.9694E-01
  9.225309    4.6900    5.9489    5.2401    2.6193   5.6120E-01   8.7005E-02   3.5180E-01   1.0000E+00   0.0000E+00   6.4820E-01   1.0263E+00  9.7217E-01  3.4950E-01  8.8857E-01  8.4168E-01  3.0259E-01
  9.230449    4.7005    5.9650    5.2536    2.6272   5.6023E-01   8.7279E-02   3.5249E-01   1.0000E+00   0.0000E+00   6.4751E-01   1.0405E+00  9.8334E-01  3.5166E-01  9.0025E-01  8.5079E-01  3.0426E-01
  9.255273    4.7489    6.0371    5.3132    2.6669   5.5559E-01   8.8554E-02   3.5585E-01   1.0000E+00   0.0000E+00   6.4415E-01   1.1062E+00  1.0334E+00  3.6286E-01  9.5409E-01  8.9130E-01  3.1298E-01
  9.278753    4.7836    6.1027    5.3675    2.6858   5.5229E-01   8.9778E-02   3.5793E-01   1.0000E+00   0.0000E+00   6.4207E-01   1.1712E+00  1.0829E+00  3.6803E-01  1.0075E+00  9.3148E-01  3.1657E-01
  9.301030    4.8197    6.1667    5.4215    2.7077   5.4912E-01   9.0968E-02   3.5991E-01   1.0000E+00   0.0000E+00   6.4009E-01   1.2386E+00  1.1346E+00  3.7440E-01  1.0625E+00  9.7338E-01  3.2119E-01
  9.322219    4.8569    6.2286    5.4737    2.7321   5.4612E-01   9.2088E-02   3.6179E-01   1.0000E+00   0.0000E+00   6.3821E-01   1.3074E+00  1.1870E+00  3.8178E-01  1.1187E+00  1.0157E+00  3.2670E-01
  9.342422    4.8969    6.2887    5.5266    2.7623   5.4326E-01   9.3163E-02   3.6358E-01   1.0000E+00   0.0000E+00   6.3642E-01   1.3779E+00  1.2427E+00  3.9145E-01  1.1762E+00  1.0608E+00  3.3414E-01
  9.361728    4.9523    6.3534    5.5876    2.8145   5.4050E-01   9.4212E-02   3.6529E-01   1.0000E+00   0.0000E+00   6.3471E-01   1.4585E+00  1.3110E+00  4.0960E-01  1.2420E+00  1.1164E+00  3.4881E-01
  9.380211    5.0091    6.4190    5.6511    2.8665   5.3783E-01   9.5236E-02   3.6693E-01   1.0000E+00   0.0000E+00   6.3307E-01   1.5454E+00  1.3864E+00  4.2860E-01  1.3129E+00  1.1778E+00  3.6412E-01
  9.397940    5.0484    6.4686    5.6928    2.9047   5.3535E-01   9.6143E-02   3.6850E-01   1.0000E+00   0.0000E+00   6.3150E-01   1.6136E+00  1.4371E+00  4.4285E-01  1.3680E+00  1.2183E+00  3.7543E-01
  9.414973    5.0719    6.4974    5.7204    2.9237   5.3296E-01   9.7027E-02   3.7001E-01   1.0000E+00   0.0000E+00   6.2999E-01   1.6531E+00  1.4706E+00  4.4959E-01  1.3985E+00  1.2441E+00  3.8034E-01
  9.439333    5.1058    6.5493    5.7634    2.9498   5.2951E-01   9.8316E-02   3.7217E-01   1.0000E+00   0.0000E+00   6.2783E-01   1.7281E+00  1.5248E+00  4.5894E-01  1.4575E+00  1.2860E+00  3.8707E-01
  9.477121    5.1542    6.6716    5.8503    2.9668   5.2409E-01   1.0038E-01   3.7552E-01   1.0000E+00   0.0000E+00   6.2448E-01   1.9238E+00  1.6430E+00  4.6370E-01  1.6146E+00  1.3789E+00  3.8916E-01
  9.511884    5.2038    6.7451    5.9111    3.0058   5.1902E-01   1.0237E-01   3.7861E-01   1.0000E+00   0.0000E+00   6.2139E-01   2.0483E+00  1.7290E+00  4.7830E-01  1.7108E+00  1.4441E+00  3.9950E-01
  9.544068    5.2757    6.8300    5.9920    3.0692   5.1427E-01   1.0427E-01   3.8146E-01   1.0000E+00   0.0000E+00   6.1854E-01   2.2048E+00  1.8542E+00  5.0470E-01  1.8331E+00  1.5416E+00  4.1962E-01
  9.574031    5.3831    6.9209    6.0834    3.1879   5.0986E-01   1.0602E-01   3.8412E-01   1.0000E+00   0.0000E+00   6.1588E-01   2.3871E+00  2.0084E+00  5.6061E-01  1.9761E+00  1.6626E+00  4.6410E-01
  9.602060    5.4341    6.9864    6.1422    3.2314   5.0672E-01   1.0760E-01   3.8568E-01   1.0000E+00   0.0000E+00   6.1432E-01   2.5291E+00  2.1148E+00  5.8206E-01  2.0861E+00  1.7444E+00  4.8011E-01
  9.628389    5.4857    7.0489    6.1990    3.2783   5.0374E-01   1.0911E-01   3.8715E-01   1.0000E+00   0.0000E+00   6.1285E-01   2.6725E+00  2.2230E+00  6.0627E-01  2.1967E+00  1.8272E+00  4.9833E-01
  9.653213    5.5404    7.1120    6.2570    3.3302   5.0089E-01   1.1057E-01   3.8854E-01   1.0000E+00   0.0000E+00   6.1146E-01   2.8261E+00  2.3397E+00  6.3451E-01  2.3151E+00  1.9166E+00  5.1977E-01
  9.676694    5.6113    7.1784    6.3218    3.4062   4.9818E-01   1.1197E-01   3.8985E-01   1.0000E+00   0.0000E+00   6.1015E-01   2.9978E+00  2.4783E+00  6.7909E-01  2.4477E+00  2.0235E+00  5.5447E-01
  9.698970    5.6430    7.2256    6.3620    3.4308   4.9565E-01   1.1326E-01   3.9109E-01   1.0000E+00   0.0000E+00   6.0891E-01   3.1246E+00  2.5665E+00  6.9323E-01  2.5434E+00  2.0891E+00  5.6429E-01
  9.720160    5.6748    7.2706    6.4009    3.4573   4.9322E-01   1.1451E-01   3.9228E-01   1.0000E+00   0.0000E+00   6.0772E-01   3.2506E+00  2.6551E+00  7.0894E-01  2.6381E+00  2.1548E+00  5.7536E-01
  9.740363    5.7069    7.3141    6.4390    3.4855   4.9087E-01   1.1572E-01   3.9340E-01   1.0000E+00   0.0000E+00   6.0660E-01   3.3771E+00  2.7446E+00  7.2625E-01  2.7329E+00  2.2210E+00  5.8771E-01
  9.759667    5.7394    7.3561    6.4762    3.5154   4.8862E-01   1.1690E-01   3.9448E-01   1.0000E+00   0.0000E+00   6.0552E-01   3.5039E+00  2.8353E+00  7.4525E-01  2.8275E+00  2.2879E+00  6.0138E-01
  9.778152    5.7727    7.3975    6.5133    3.5474   4.8644E-01   1.1804E-01   3.9551E-01   1.0000E+00   0.0000E+00   6.0449E-01   3.6339E+00  2.9290E+00  7.6619E-01  2.9242E+00  2.3571E+00  6.1657E-01
  9.795880    5.8149    7.4414    6.5550    3.5918   4.8434E-01   1.1916E-01   3.9650E-01   1.0000E+00   0.0000E+00   6.0350E-01   3.7778E+00  3.0387E+00  7.9689E-01  3.0319E+00  2.4387E+00  6.3954E-01
  9.812913    5.8452    7.4794    6.5898    3.6194   4.8232E-01   1.2022E-01   3.9746E-01   1.0000E+00   0.0000E+00   6.0254E-01   3.9061E+00  3.1325E+00  8.1613E-01  3.1268E+00  2.5075E+00  6.5329E-01
  9.829304    5.8674    7.5137    6.6198    3.6360   4.8038E-01   1.2125E-01   3.9837E-01   1.0000E+00   0.0000E+00   6.0163E-01   4.0253E+00  3.2156E+00  8.2746E-01  3.2141E+00  2.5676E+00  6.6070E-01
  9.845098    5.8894    7.5475    6.6496    3.6528   4.7850E-01   1.2225E-01   3.9925E-01   1.0000E+00   0.0000E+00   6.0075E-01   4.1465E+00  3.3000E+00  8.3909E-01  3.3027E+00  2.6285E+00  6.6834E-01
  9.860338    5.9114    7.5808    6.6789    3.6697   4.7667E-01   1.2323E-01   4.0010E-01   1.0000E+00   0.0000E+00   5.9990E-01   4.2696E+00  3.3855E+00  8.5106E-01  3.3925E+00  2.6901E+00  6.7624E-01
  9.875061    5.9333    7.6139    6.7080    3.6869   4.7489E-01   1.2419E-01   4.0093E-01   1.0000E+00   0.0000E+00   5.9907E-01   4.3958E+00  3.4728E+00  8.6342E-01  3.4846E+00  2.7529E+00  6.8444E-01
  9.889301    5.9552    7.6469    6.7370    3.7042   4.7316E-01   1.2512E-01   4.0172E-01   1.0000E+00   0.0000E+00   5.9828E-01   4.5255E+00  3.5620E+00  8.7616E-01  3.5791E+00  2.8170E+00  6.9292E-01
  9.903090    5.9769    7.6794    6.7655    3.7217   4.7147E-01   1.2604E-01   4.0249E-01   1.0000E+00   0.0000E+00   5.9751E-01   4.6570E+00  3.6522E+00  8.8924E-01  3.6747E+00  2.8818E+00  7.0166E-01
  9.916454    5.9986    7.7116    6.7938    3.7393   4.6983E-01   1.2694E-01   4.0324E-01   1.0000E+00   0.0000E+00   5.9676E-01   4.7911E+00  3.7441E+00  9.0267E-01  3.7720E+00  2.9477E+00  7.1066E-01
  9.929419    6.0202    7.7431    6.8217    3.7571   4.6822E-01   1.2782E-01   4.0396E-01   1.0000E+00   0.0000E+00   5.9604E-01   4.9261E+00  3.8366E+00  9.1646E-01  3.8697E+00  3.0138E+00  7.1993E-01
  9.942008    6.0416    7.7738    6.8490    3.7750   4.6665E-01   1.2868E-01   4.0466E-01   1.0000E+00   0.0000E+00   5.9534E-01   5.0617E+00  3.9296E+00  9.3058E-01  3.9676E+00  3.0802E+00  7.2943E-01
  9.954243    6.0629    7.8042    6.8759    3.7929   4.6514E-01   1.2952E-01   4.0535E-01   1.0000E+00   0.0000E+00   5.9465E-01   5.1991E+00  4.0237E+00  9.4501E-01  4.0668E+00  3.1474E+00  7.3919E-01
  9.966142    6.0841    7.8337    6.9023    3.8110   4.6367E-01   1.3031E-01   4.0601E-01   1.0000E+00   0.0000E+00   5.9399E-01   5.3367E+00  4.1182E+00  9.5982E-01  4.1659E+00  3.2147E+00  7.4925E-01
  9.977724    6.1053    7.8630    6.9286    3.8293   4.6224E-01   1.3110E-01   4.0666E-01   1.0000E+00   0.0000E+00   5.9334E-01   5.4766E+00  4.2144E+00  9.7506E-01  4.2665E+00  3.2832E+00  7.5962E-01
  9.989004    6.1264    7.8914    6.9543    3.8477   4.6084E-01   1.3187E-01   4.0729E-01   1.0000E+00   0.0000E+00   5.9271E-01   5.6159E+00  4.3107E+00  9.9065E-01  4.3664E+00  3.3517E+00  7.7025E-01
 10.000000    6.1474    7.9191    6.9795    3.8662   4.5947E-01   1.3263E-01   4.0790E-01   1.0000E+00   0.0000E+00   5.9210E-01   5.7549E+00  4.4075E+00  1.0067E+00  4.4658E+00  3.4202E+00  7.8118E-01
 10.010724    6.1684    7.9461    7.0042    3.8849   4.5812E-01   1.3338E-01   4.0850E-01   1.0000E+00   0.0000E+00   5.9150E-01   5.8937E+00  4.5046E+00  1.0231E+00  4.5647E+00  3.4888E+00  7.9238E-01
 10.021190    6.1892    7.9724    7.0285    3.9037   4.5680E-01   1.3411E-01   4.0908E-01   1.0000E+00   0.0000E+00   5.9092E-01   6.0322E+00  4.6019E+00  1.0399E+00  4.6632E+00  3.5575E+00  8.0388E-01
 10.031408    6.2100    7.9981    7.0525    3.9227   4.5551E-01   1.3483E-01   4.0965E-01   1.0000E+00   0.0000E+00   5.9035E-01   6.1707E+00  4.7000E+00  1.0572E+00  4.7614E+00  3.6265E+00  8.1576E-01
 10.041392    6.2307    8.0231    7.0760    3.9419   4.5424E-01   1.3555E-01   4.1021E-01   1.0000E+00   0.0000E+00   5.8979E-01   6.3085E+00  4.7983E+00  1.0751E+00  4.8587E+00  3.6955E+00  8.2804E-01
 10.051152    6.2514    8.0476    7.0991    3.9614   4.5299E-01   1.3625E-01   4.1076E-01   1.0000E+00   0.0000E+00   5.8924E-01   6.4468E+00  4.8970E+00  1.0936E+00  4.9561E+00  3.7647E+00  8.4072E-01
 10.060698    6.2721    8.0717    7.1219    3.9811   4.5177E-01   1.3694E-01   4.1129E-01   1.0000E+00   0.0000E+00   5.8871E-01   6.5854E+00  4.9965E+00  1.1126E+00  5.0536E+00  3.8343E+00  8.5381E-01
 10.070038    6.2929    8.0954    7.1445    4.0011   4.5057E-01   1.3762E-01   4.1181E-01   1.0000E+00   0.0000E+00   5.8819E-01   6.7251E+00  5.0972E+00  1.1323E+00  5.1516E+00  3.9046E+00  8.6734E-01
 10.079182    6.3139    8.1191    7.1671    4.0214   4.4938E-01   1.3829E-01   4.1232E-01   1.0000E+00   0.0000E+00   5.8768E-01   6.8669E+00  5.1997E+00  1.1527E+00  5.2510E+00  3.9761E+00  8.8141E-01
 10.088136    6.3355    8.1431    7.1902    4.0425   4.4822E-01   1.3896E-01   4.1282E-01   1.0000E+00   0.0000E+00   5.8718E-01   7.0145E+00  5.3072E+00  1.1743E+00  5.3545E+00  4.0512E+00  8.9640E-01
 10.096910    6.3661    8.1709    7.2187    4.0753   4.4708E-01   1.3961E-01   4.1331E-01   1.0000E+00   0.0000E+00   5.8669E-01   7.1905E+00  5.4435E+00  1.2092E+00  5.4794E+00  4.1482E+00  9.2148E-01
 10.105510    6.3851    8.1915    7.2378    4.0940   4.4563E-01   1.4024E-01   4.1413E-01   1.0000E+00   0.0000E+00   5.8587E-01   7.3182E+00  5.5328E+00  1.2286E+00  5.5664E+00  4.2084E+00  9.3447E-01
 10.113943    6.3979    8.2096    7.2538    4.1049   4.4422E-01   1.4086E-01   4.1492E-01   1.0000E+00   0.0000E+00   5.8508E-01   7.4310E+00  5.6070E+00  1.2393E+00  5.6419E+00  4.2571E+00  9.4092E-01
 10.122216    6.4106    8.2275    7.2696    4.1158   4.4282E-01   1.4147E-01   4.1571E-01   1.0000E+00   0.0000E+00   5.8429E-01   7.5448E+00  5.6818E+00  1.2501E+00  5.7180E+00  4.3061E+00  9.4746E-01
 10.130334    6.4233    8.2454    7.2854    4.1268   4.4145E-01   1.4207E-01   4.1648E-01   1.0000E+00   0.0000E+00   5.8352E-01   7.6599E+00  5.7573E+00  1.2611E+00  5.7949E+00  4.3556E+00  9.5410E-01
 10.138303    6.4359    8.2630    7.3010    4.1377   4.4010E-01   1.4267E-01   4.1723E-01   1.0000E+00   0.0000E+00   5.8277E-01   7.7749E+00  5.8328E+00  1.2723E+00  5.8715E+00  4.4049E+00  9.6080E-01
 10.146128    6.4484    8.2805    7.3164    4.1486   4.3878E-01   1.4325E-01   4.1797E-01   1.0000E+00   0.0000E+00   5.8203E-01   7.8909E+00  5.9090E+00  1.2835E+00  5.9487E+00  4.4546E+00  9.6759E-01
 10.153815    6.4609    8.2978    7.3318    4.1596   4.3747E-01   1.4383E-01   4.1870E-01   1.0000E+00   0.0000E+00   5.8130E-01   8.0077E+00  5.9856E+00  1.2949E+00  6.0263E+00  4.5046E+00  9.7447E-01
 10.161368    6.4734    8.3149    7.3470    4.1705   4.3618E-01   1.4441E-01   4.1941E-01   1.0000E+00   0.0000E+00   5.8059E-01   8.1253E+00  6.0628E+00  1.3064E+00  6.1043E+00  4.5548E+00  9.8144E-01
 10.168792    6.4857    8.3320    7.3621    4.1815   4.3491E-01   1.4498E-01   4.2012E-01   1.0000E+00   0.0000E+00   5.7988E-01   8.2437E+00  6.1404E+00  1.3180E+00  6.1827E+00  4.6053E+00  9.8852E-01
 10.176091    6.4980    8.3487    7.3771    4.1925   4.3365E-01   1.4554E-01   4.2081E-01   1.0000E+00   0.0000E+00   5.7919E-01   8.3615E+00  6.2180E+00  1.3299E+00  6.2605E+00  4.6556E+00  9.9570E-01
 10.183270    6.5103    8.3652    7.3919    4.2035   4.3242E-01   1.4609E-01   4.2149E-01   1.0000E+00   0.0000E+00   5.7851E-01   8.4796E+00  6.2958E+00  1.3418E+00  6.3383E+00  4.7059E+00  1.0030E+00
 10.190331    6.5224    8.3814    7.4065    4.2145   4.3120E-01   1.4664E-01   4.2216E-01   1.0000E+00   0.0000E+00   5.7784E-01   8.5977E+00  6.3738E+00  1.3539E+00  6.4158E+00  4.7563E+00  1.0103E+00
 10.197281    6.5345    8.3975    7.4209    4.2255   4.3000E-01   1.4718E-01   4.2281E-01   1.0000E+00   0.0000E+00   5.7719E-01   8.7160E+00  6.4520E+00  1.3662E+00  6.4934E+00  4.8067E+00  1.0178E+00
 10.204120    6.5465    8.4133    7.4353    4.2365   4.2882E-01   1.4772E-01   4.2346E-01   1.0000E+00   0.0000E+00   5.7654E-01   8.8342E+00  6.5303E+00  1.3786E+00  6.5707E+00  4.8571E+00  1.0254E+00
 10.210854    6.5584    8.4289    7.4494    4.2475   4.2765E-01   1.4825E-01   4.2410E-01   1.0000E+00   0.0000E+00   5.7590E-01   8.9518E+00  6.6085E+00  1.3911E+00  6.6473E+00  4.9073E+00  1.0330E+00
 10.217484    6.5703    8.4442    7.4634    4.2586   4.2649E-01   1.4878E-01   4.2473E-01   1.0000E+00   0.0000E+00   5.7527E-01   9.0691E+00  6.6868E+00  1.4038E+00  6.7236E+00  4.9575E+00  1.0407E+00
 10.224015    6.5821    8.4594    7.4772    4.2696   4.2535E-01   1.4930E-01   4.2535E-01   1.0000E+00   0.0000E+00   5.7465E-01   9.1865E+00  6.7654E+00  1.4166E+00  6.7997E+00  5.0077E+00  1.0486E+00
 10.230449    6.5938    8.4743    7.4909    4.2806   4.2423E-01   1.4982E-01   4.2595E-01   1.0000E+00   0.0000E+00   5.7405E-01   9.3043E+00  6.8442E+00  1.4296E+00  6.8760E+00  5.0580E+00  1.0565E+00
 10.236789    6.6055    8.4892    7.5046    4.2916   4.2312E-01   1.5033E-01   4.2656E-01   1.0000E+00   0.0000E+00   5.7344E-01   9.4228E+00  6.9234E+00  1.4425E+00  6.9527E+00  5.1084E+00  1.0644E+00
 10.243038    6.6172    8.5039    7.5180    4.3025   4.2202E-01   1.5083E-01   4.2715E-01   1.0000E+00   0.0000E+00   5.7285E-01   9.5410E+00  7.0024E+00  1.4556E+00  7.0288E+00  5.1587E+00  1.0723E+00
 10.249198    6.6287    8.5184    7.5313    4.3134   4.2094E-01   1.5133E-01   4.2773E-01   1.0000E+00   0.0000E+00   5.7227E-01   9.6594E+00  7.0817E+00  1.4687E+00  7.1050E+00  5.2089E+00  1.0803E+00
 10.255273    6.6402    8.5327    7.5445    4.3242   4.1986E-01   1.5183E-01   4.2831E-01   1.0000E+00   0.0000E+00   5.7169E-01   9.7779E+00  7.1610E+00  1.4820E+00  7.1811E+00  5.2592E+00  1.0884E+00
 10.261263    6.6515    8.5468    7.5575    4.3349   4.1880E-01   1.5232E-01   4.2887E-01   1.0000E+00   0.0000E+00   5.7113E-01   9.8960E+00  7.2398E+00  1.4951E+00  7.2567E+00  5.3089E+00  1.0964E+00
 10.267172    6.6624    8.5603    7.5698    4.3453   4.1776E-01   1.5281E-01   4.2943E-01   1.0000E+00   0.0000E+00   5.7057E-01   1.0010E+01  7.3153E+00  1.5081E+00  7.3292E+00  5.3561E+00  1.1042E+00
 10.273002    6.6672    8.5714    7.5789    4.3478   4.1672E-01   1.5329E-01   4.2998E-01   1.0000E+00   0.0000E+00   5.7002E-01   1.0103E+01  7.3694E+00  1.5102E+00  7.3858E+00  5.3875E+00  1.1040E+00
 10.278753    6.6725    8.5806    7.5865    4.3520   4.1570E-01   1.5378E-01   4.3053E-01   1.0000E+00   0.0000E+00   5.6947E-01   1.0179E+01  7.4146E+00  1.5145E+00  7.4303E+00  5.4124E+00  1.1056E+00
 10.284431    6.6810    8.5921    7.5970    4.3597   4.1468E-01   1.5426E-01   4.3107E-01   1.0000E+00   0.0000E+00   5.6893E-01   1.0278E+01  7.4796E+00  1.5239E+00  7.4914E+00  5.4516E+00  1.1107E+00
 10.290034    6.6895    8.6037    7.6075    4.3674   4.1367E-01   1.5473E-01   4.3160E-01   1.0000E+00   0.0000E+00   5.6840E-01   1.0378E+01  7.5452E+00  1.5333E+00  7.5531E+00  5.4912E+00  1.1159E+00
 10.295568    6.6979    8.6151    7.6179    4.3751   4.1267E-01   1.5521E-01   4.3212E-01   1.0000E+00   0.0000E+00   5.6788E-01   1.0478E+01  7.6107E+00  1.5428E+00  7.6144E+00  5.5307E+00  1.1211E+00
 10.301030    6.7064    8.6264    7.6282    4.3827   4.1169E-01   1.5568E-01   4.3264E-01   1.0000E+00   0.0000E+00   5.6736E-01   1.0578E+01  7.6764E+00  1.5522E+00  7.6757E+00  5.5701E+00  1.1263E+00
